start=1916.000000
sub-delay=-0.200000
sub-pos=99
sub-visibility=no
